4024.2707627051377,1885.012253373321
2330.149684249775,2100.498241779276
2737.9109757873157,2120.362245717518
3724.6906542916618,2106.457642678816
3764.1118265993214,2063.131884454648
3864.8897198537425,2119.4718838310605
3401.0283314472817,2265.834841101438
3473.0093158299283,2239.1931602847058
3729.8483548860117,2162.0958514926033
3818.9608154677358,2184.3070751877917
3864.7829966015593,2255.8812001672673
3956.2306904106217,2285.8345753013837
3319.928152594621,2379.757411080507
3521.2308825109567,2377.577169246371
4419.66388030367,2395.21987113573
2563.183072253551,2549.642414959415
2950.9741861507237,2476.874852692603
3222.533889660408,2515.4954877105047
3528.3507576738293,2469.7517053031106
3558.3862030749024,2564.14171300084
3616.671056949871,2517.514728310631
3723.0422572418624,2584.2587799178814
4613.999616104213,2548.0500410206187
3209.410415556064,2758.3570853226393
3423.083829527363,2693.552841856504
3500.882150432829,2728.0333300776365
3429.812320559792,2772.7276880077266
3646.9700390576795,2670.725369888893
3755.0935077257664,2665.3749923307623
3869.667221764798,2739.6880449146074
3761.5917904421744,2749.6788525715024
4003.116230674615,2715.560882403822
4076.858099823525,2764.674637484635
4309.794305648048,2664.9366754297666
4494.931678743818,2688.1040422384654
4418.203279880292,2773.7976026188076
3291.6013163309076,2845.653676740052
3416.983924483513,2901.1488869684813
3377.1330359604594,2932.7711503094974
3518.090580402969,2872.8971570767985
3712.2817901046215,2902.428184998435
3777.312036799674,2850.1391437669545
3907.915499319404,2812.6652576917386
4004.281513191696,2908.7101615314896
3898.4263065761756,2923.3838161586555
4317.675738283103,2804.218773033786
4263.026608867316,2873.5063731709733
4278.208046445852,2940.4601436833013
4559.764644458978,2801.445732109541
3006.4372512372825,3074.969843420009
3232.5321005247424,2949.324393504782
3314.6897591926663,3013.042806523192
3350.013644764185,3082.0535614469036
3467.177340171784,2969.332488494965
3550.777434048687,2989.118370205346
3603.8047541954716,3021.1691026884155
3670.702596610553,3045.3260333255344
3773.9513589216035,2987.3672792342263
4006.275683019467,2960.5600607065617
4008.8049906696606,3100.7854567614786
3895.628792449224,3099.5330226910273
4342.854107380492,2960.8242464888594
4656.526375169534,2981.4087883968423
3375.8265638095245,3147.329900732712
3293.3064312762963,3233.564855050399
3396.4589686851973,3218.885968466903
3534.224261653716,3143.1980754913443
3604.1234464697523,3234.234432012111
4172.468341072127,3189.521698045301
4300.1915335187605,3132.390836103555
4444.459594596366,3209.7622577113198
4606.841499997671,3213.370274886406
3268.7190276525125,3347.299021843403
3522.5675540355764,3299.961182908221
3484.3465366897944,3380.0751621748977
3726.5029535823924,3319.891276396063
3880.7533807899613,3312.869491283683
3857.7671407105076,3363.886641064327
4013.2361032841304,3304.112668233637
4101.8323242925335,3296.7342398964743
4580.443941651229,3394.9351594893756
2727.7118639358323,3514.942319685134
3053.6236179104544,3495.336327845992
3149.332189220082,3444.013508839829
3233.1012497509664,3558.186741927048
3365.2080151845157,3550.492052840132
3499.902063825338,3558.7180967800937
3426.172220676573,3581.1676196827993
3720.8211838355273,3542.01088553996
3938.506524145637,3481.573618675373
4067.5013578427615,3485.5003364629533
4344.921948575746,3423.6968077645392
4307.057378744412,3479.463707964801
2642.184276298202,3672.92817134287
3073.569444581305,3640.245229295846
3240.597225877327,3636.900474263597
3672.616321546309,3699.1078535567863
3737.5413617914037,3706.8522238485625
2671.551752241024,3842.523105723165
3189.9935471047247,3873.8348177722196
3325.693144388466,3856.90888202848
3540.116568172707,3881.8384461346527
3608.1617817323076,3856.7903443307323
3917.429571227444,3760.3667193578663
4174.561667702595,3844.9196530378563
4080.5015519334875,3883.8719862935404
4486.709029597949,3763.0078257487557
4419.395062989575,3894.632817132141
2771.2336385843123,3914.0331005523617
2861.1566872893454,4005.8423004692277
2993.208307263513,3951.2752564488037
3141.078049856245,4030.9129988269133
3450.945615964973,3912.005386114851
3696.527553581634,3915.955910539464
3657.0481508927255,3972.798408967269
3626.451578824349,4043.161569689902
3248.3006367219637,4162.647997225187
3374.653440419117,4215.516847709034
3558.275498081018,4101.843967534631
3468.7204185772466,4177.746209524461
3673.2922686688457,4089.5536123690654
3773.995468437519,4182.165003807188
4228.711802137269,4210.0581916137935
4991.029143551512,4096.149333426773
3222.3475794187766,4286.633516086686
3147.292613513732,4301.084437828063
3268.2058359418475,4262.818254018302
3298.5711034054943,4336.175435982497
3473.887939842967,4304.289032179172
4120.674863159662,4231.379316678479
4292.7277562168565,4385.141525527248
4838.767017315563,4310.117079323646
5344.073580510094,4372.295102572262
3150.224589182119,4406.832933533841
3098.8144053476058,4526.838352482033
3403.7844463651936,4531.56794820629
3735.3634082258927,4437.500033034348
3809.6479964862233,4382.863864019997
3892.755943150374,4470.232511668184
3817.6898195892923,4543.269530011034
4050.9474397760414,4457.709890781856
4008.4583454242584,4500.007889329653
4158.351258556487,4426.529594677327
4307.38658629176,4482.787883352729
4736.838189059075,4509.95012883207
5509.2151687142405,4502.3744358563745
3201.3671504987697,4588.838779918909
3268.9861325318866,4567.53034890844
3278.603057846952,4663.74397437681
3434.9511894452703,4597.253213884694
3562.4128425026993,4620.9975470982035
3749.6152859916747,4545.75281199832
3988.0253425906394,4639.932594721133
4163.881481568617,4656.162454367979
4006.0457918824327,4700.05840770183
4245.038224290598,4643.595436697895
4380.550678407416,4551.132138038379
4614.13283324763,4668.289553891611
4786.1723635456165,4570.215106124145
4816.312511513844,4617.464967142951
4882.859300339099,4661.310877419887
2753.4190634834877,4841.503818207798
2924.515533358345,4737.82183396619
3024.561170574551,4833.913595494433
2934.450575596222,4861.468610552379
3482.1083540607074,4717.507295271336
3510.9283283194845,4860.710278168663
4052.568623801852,4755.26209880021
4253.850854759843,4772.3701008700245
4518.3320172137755,4834.769620944649
5111.681218574609,4715.611463286236
5043.506677597467,4776.588404550273
5035.837309744136,4820.925204483364
5416.236451582473,4842.383579843203
5506.03142300207,4740.935849646253
3015.7412730204655,4955.925240993107
3790.088996006648,4898.055377925451
3820.0836830951057,5005.955122626742
3958.022373058586,4866.464925579773
4466.193570482478,4875.319925989161
4637.679547879076,4987.9981210334645
4844.188773860498,4995.622346943254
3003.0466847270945,5038.647813883282
3347.6453975133873,5059.625053253669
3733.408987955336,5086.226694679469
5057.390870041434,5084.364054083881
5215.870725078424,5067.721237415901
5264.466212390982,5103.831424195458
3283.7416910754714,5256.154659686816
5030.6791005426485,5180.756503988926
5183.225841710431,5250.169371520888
5319.636003491356,5303.947705169654
4160.937624818321,5351.333033060977
5302.528840821155,5394.518561192209
3731.9499986643,5517.36619137734
4195.156304986703,5592.489244505195
5377.26142371893,5911.441824709695
4496.224869707964,6072.104132226025
